1 2
3 5
3 4
5 345
5 365
5 366
5 367
5 368
6 7
7 11
7 27
7 69
7 71
7 72
7 80
7 82
7 86
7 95
7 111
7 117
7 118
7 139
7 144
7 148
7 151
7 165
7 170
7 171
7 172
7 179
7 187
7 200
7 212
7 213
7 214
7 215
7 216
7 217
7 218
7 219
7 220
7 221
7 222
7 223
7 224
7 225
7 226
7 227
7 228
7 229
7 230
7 231
7 232
7 233
7 234
7 235
7 236
7 237
7 238
7 239
7 240
7 241
7 242
7 243
7 244
7 245
7 246
7 247
7 248
7 249
7 250
7 251
7 252
7 253
7 254
7 255
7 256
7 257
7 258
7 259
7 260
7 261
7 262
7 263
7 264
7 265
7 266
7 267
7 268
7 269
7 270
7 271
7 272
7 273
7 274
7 275
7 276
7 277
8 9
8 10
9 381
12 13
14 15
15 57
15 84
15 152
15 155
15 178
15 297
15 323
15 360
15 424
15 425
15 330
15 409
16 17
16 18
17 18
17 145
17 162
18 162
19 20
21 22
21 23
22 312
22 314
23 24
23 46
23 81
23 83
23 85
23 99
23 160
23 201
23 283
23 294
23 296
23 320
23 324
23 325
23 328
23 376
23 379
23 393
23 394
23 395
23 396
23 397
25 26
26 43
26 49
26 50
26 206
26 284
26 305
26 306
26 307
26 189
26 45
26 308
26 309
26 310
28 29
29 79
30 31
30 32
33 34
33 35
33 36
33 37
33 38
33 39
33 40
33 41
33 42
34 38
34 40
34 42
35 38
35 40
35 42
36 37
36 38
36 40
36 41
36 302
37 38
37 40
37 41
37 42
38 40
38 41
38 42
39 40
39 41
39 400
40 41
40 42
41 42
44 45
47 48
48 90
48 91
48 93
48 94
48 92
51 52
53 54
55 56
58 59
60 61
60 62
61 62
63 64
63 65
63 66
64 65
64 66
65 66
67 68
69 70
70 149
70 150
70 298
73 74
74 355
74 369
74 370
75 76
76 106
76 158
76 211
76 164
76 332
76 333
76 334
76 335
76 336
76 337
77 78
87 88
87 89
88 315
88 388
88 89
90 93
90 135
90 136
91 207
93 135
93 136
94 136
96 97
96 98
100 101
100 102
100 103
104 105
107 108
107 109
107 110
108 109
108 190
108 191
108 192
109 110
109 380
110 190
110 191
112 113
112 115
112 114
112 116
113 161
113 162
113 45
113 114
115 116
119 120
119 121
120 297
120 298
122 31
123 124
123 126
123 125
123 127
124 126
124 31
124 125
124 127
126 295
126 401
126 127
128 129
129 374
129 293
130 131
130 132
131 163
131 162
131 164
133 134
137 138
140 141
142 143
146 147
147 193
147 281
147 318
147 327
147 346
147 350
147 390
149 150
153 154
157 158
158 159
158 174
158 175
158 173
158 176
158 177
161 299
161 408
161 162
163 375
166 167
168 169
170 171
171 200
171 386
171 266
171 269
174 190
175 423
180 181
182 45
183 184
184 338
185 186
188 189
190 319
194 102
195 196
195 197
196 347
198 199
202 203
204 205
208 209
208 210
278 279
278 280
279 280
279 311
282 210
285 286
287 288
289 290
289 291
292 293
297 329
300 298
301 45
303 304
303 186
304 341
312 314
312 313
315 316
315 317
321 322
326 205
329 330
331 306
339 340
342 207
343 344
344 389
344 406
348 349
350 351
350 352
353 354
356 357
358 359
359 330
359 409
361 205
363 364
371 372
373 45
375 377
378 10
382 383
383 385
384 349
387 66
388 89
391 392
398 399
402 403
402 404
403 404
405 309
407 210
410 411
413 414
415 10
416 417
416 418
419 420
421 422
427 418
430 2
431 349
