1 159
1 363
2 35
2 36
2 261
2 345
3 109
3 169
3 198
3 251
3 306
3 360
3 505
4 526
5 22
5 294
5 434
6 521
7 301
7 397
7 420
9 10
9 21
9 182
9 350
10 88
10 350
10 356
10 413
10 492
10 167
10 8
11 303
12 42
12 76
12 169
12 251
12 472
12 298
13 407
14 529
15 34
15 422
16 17
16 315
18 456
18 468
19 38
19 345
20 62
21 182
21 509
22 269
23 256
23 361
25 180
25 500
27 28
27 290
27 363
27 370
28 51
28 222
28 254
29 194
30 316
30 436
31 329
32 26
33 34
33 320
34 320
35 36
35 345
36 56
36 130
36 212
36 261
38 57
38 465
39 142
39 169
39 192
39 217
39 335
39 364
39 383
39 486
39 218
39 300
39 458
40 359
42 169
42 472
43 409
43 312
44 267
45 353
45 528
48 355
49 518
50 235
50 334
51 100
51 114
51 142
51 196
51 200
51 222
53 421
54 55
56 79
56 333
57 169
58 417
58 24
59 90
59 153
61 196
61 272
64 81
64 318
64 472
65 188
65 235
65 274
65 358
65 407
65 440
65 466
65 338
66 248
67 68
67 262
67 337
67 46
68 46
69 195
69 280
69 404
69 451
69 475
70 342
70 402
71 119
72 131
72 195
72 392
72 423
72 449
73 84
73 144
73 333
73 413
73 513
74 106
74 242
74 410
75 302
75 352
76 136
76 169
76 251
76 505
76 393
77 215
78 267
79 144
79 212
79 333
80 92
80 134
80 238
81 318
81 399
81 472
83 102
83 523
84 196
84 225
84 324
85 303
85 478
85 271
89 331
89 441
92 95
92 134
92 236
93 229
94 212
95 134
96 379
97 159
97 519
98 323
98 416
99 208
99 345
99 530
100 177
100 220
100 506
101 427
102 103
102 455
102 459
103 322
104 387
104 472
105 533
105 171
106 135
108 226
108 326
109 220
109 400
110 111
111 135
111 430
112 350
113 263
113 319
114 242
115 293
115 483
116 431
117 453
117 255
118 511
118 373
119 297
119 483
124 223
125 126
125 514
126 203
126 345
127 305
128 212
128 290
129 534
130 159
131 392
131 449
132 196
132 329
132 401
132 442
133 173
133 494
135 196
135 410
135 522
137 202
137 479
137 483
138 139
138 147
138 345
138 460
138 531
139 345
139 416
139 440
140 329
140 481
141 160
141 260
141 319
142 222
144 147
144 196
144 212
144 249
144 270
144 290
144 477
146 155
148 217
148 335
150 172
152 501
153 259
154 490
156 399
156 46
157 308
158 330
158 400
158 476
158 504
159 304
159 319
159 349
159 443
160 260
160 341
161 504
162 288
163 309
165 181
165 196
165 290
166 278
166 511
168 264
168 272
168 327
168 257
168 63
169 196
169 198
169 221
169 235
169 251
169 277
169 423
169 472
169 505
169 254
169 271
169 82
170 334
172 245
172 311
172 369
172 408
173 311
175 424
175 453
175 519
176 335
176 461
177 220
178 261
179 294
179 378
181 454
181 461
181 502
182 322
182 509
183 143
185 374
185 389
186 266
186 366
186 468
188 274
188 403
188 407
188 466
189 535
189 394
189 47
190 241
190 533
191 401
192 322
192 300
193 325
195 204
195 250
195 288
195 392
195 508
196 225
196 235
196 249
196 270
196 290
196 324
196 423
196 439
196 391
198 306
198 300
199 200
199 201
199 292
200 201
200 208
200 292
200 368
200 430
201 329
201 385
203 218
204 288
204 415
205 313
205 362
205 443
206 244
206 365
206 24
207 435
208 335
208 345
209 323
210 314
210 411
210 469
212 290
213 410
213 507
214 249
215 286
215 418
216 236
219 272
219 314
220 363
221 222
221 269
221 505
223 337
223 351
223 123
223 41
226 482
226 197
227 237
229 372
230 393
232 233
233 86
234 284
235 286
235 418
235 476
236 307
240 279
240 479
241 499
243 429
246 275
246 412
246 414
248 357
249 270
249 290
249 503
251 470
252 287
253 445
256 367
256 383
256 476
256 523
258 467
259 380
260 319
262 368
263 400
264 377
264 257
265 352
266 480
267 354
267 482
269 410
269 375
270 290
272 425
272 536
273 87
274 338
275 414
276 497
277 506
277 298
279 479
280 404
280 451
281 342
281 359
281 149
282 480
283 435
285 384
285 392
285 520
286 417
286 418
287 450
289 332
290 324
290 467
290 498
291 316
292 385
293 345
293 364
293 479
293 483
296 463
296 494
296 184
297 345
297 452
301 397
302 352
304 349
305 452
306 470
306 518
310 515
311 369
314 326
314 411
316 343
316 525
317 151
317 438
323 530
325 461
325 528
328 405
328 515
329 295
329 484
330 400
331 441
333 477
333 513
335 345
335 379
335 430
335 523
337 448
337 496
337 41
339 362
340 350
341 396
345 479
348 479
348 522
349 443
349 211
350 428
351 41
353 425
353 491
353 528
354 107
356 370
358 407
360 433
367 464
369 120
372 492
374 389
374 422
378 432
381 371
382 482
382 197
383 268
386 533
390 524
390 121
392 449
395 447
396 406
398 122
399 321
400 504
401 442
404 451
404 475
407 466
409 37
410 450
412 414
416 512
419 299
423 487
423 52
424 453
426 247
426 344
430 498
433 485
437 456
444 476
444 478
445 336
446 495
446 187
452 228
457 476
460 531
461 347
462 492
463 480
471 532
473 474
473 143
476 478
476 493
478 271
482 197
486 495
488 231
488 164
489 224
494 184
496 535
501 254
506 60
510 388
516 239
517 388
527 376
533 91
535 174
535 346
536 145
