1 2
3 4
5 4
6 4
7 8
9 10
11 10
12 15
12 10
12 13
12 14
15 10
16 17
16 18
19 20
21 20
22 23
24 20
24 25
26 29
26 27
28 29
28 27
30 20
31 32
33 34
35 36
37 36
38 39
38 40
41 42
41 43
41 44
41 45
41 46
41 47
41 48
41 49
41 50
41 51
41 52
41 53
41 54
41 55
41 56
41 57
41 58
41 59
41 60
41 61
41 62
41 63
41 64
41 65
41 66
41 67
41 68
41 69
41 70
41 71
41 72
41 73
41 74
41 75
41 76
41 77
41 78
41 79
41 80
41 81
41 82
41 83
41 84
41 85
41 86
41 87
41 88
41 89
41 90
41 91
41 92
41 93
41 94
41 95
41 96
41 97
41 98
41 99
41 100
41 101
41 102
41 103
41 104
41 105
41 106
41 107
41 108
41 109
41 110
41 111
41 112
41 113
41 114
41 115
41 116
41 117
41 118
41 119
120 121
122 123
124 123
125 126
125 127
125 128
125 129
130 131
130 132
130 133
134 131
134 132
134 133
135 137
135 138
135 139
135 140
135 141
135 136
139 140
142 143
144 143
